-0.011700525879859924
0.029760178178548813
-0.06820619106292725
-0.14806392788887024
-0.038708481937646866
-0.09758241474628448
-0.052351221442222595
-0.04099409654736519
0.015719521790742874
-0.04692261293530464
0.023836622014641762
-0.025528814643621445
-0.012477437034249306
0.0008127201581373811
0.03189920634031296
0.024660706520080566
0.08039653301239014
0.00971532054245472
-0.006208547856658697
0.04264450445771217
-0.00809513870626688
0.016909852623939514
0.007029205095022917
0.034591201692819595
-0.006152218207716942
0.02827570028603077
-0.005821192171424627
0.05245138704776764
0.007435939274728298
-0.006437459494918585
-0.00017280523024965078
-0.0005272508133202791
-0.002596995560452342
