0.03133361041545868
-0.03337564319372177
-0.01963564194738865
0.10063262283802032
-0.010463368147611618
-0.04126903414726257
0.03987671807408333
0.008047901093959808
0.01909961737692356
0.02407357096672058
-0.0445733517408371
0.027331002056598663
-0.08062601089477539
-0.03602952882647514
-0.02540399134159088
-0.004749116487801075
0.006332484073936939
-0.061751898378133774
0.019103577360510826
-0.007767454721033573
-0.022244585677981377
-0.022755751386284828
-0.0012702328385785222
-0.0348268561065197
-0.02001221850514412
-0.06461793929338455
-0.04152754694223404
0.0021550168748944998
0.006176297552883625
0.0032834764569997787
-0.00026889026048593223
-0.0014563959557563066
-0.001477878075093031
