0.00385290221311152
0.0015354689676314592
0.04337725788354874
-0.008859887719154358
0.04822666570544243
0.1208462119102478
0.03560967743396759
0.004890806972980499
-0.027691544964909554
0.029497386887669563
0.04712851718068123
-0.047675155103206635
0.10538353770971298
0.023920219391584396
0.06485670804977417
-0.05703423172235489
-0.12395919859409332
0.06899753212928772
-0.07751476019620895
-0.0465470515191555
0.05819063261151314
-0.018043294548988342
-0.05772218853235245
0.026986826211214066
0.008030920289456844
0.04638247191905975
0.03414611890912056
-0.044115565717220306
-0.044891536235809326
-0.002699255710467696
-0.0003684388648252934
0.0010268266778439283
0.006571699865162373
